653124
136452
623145
625143
542613
352164
563412
152463
135264
254316
324516
351264
125643
413652
145632
512364
612543
365421
652314
534162
346215
416352
345612
645213
653214
536214
253641
425163
326514
312465
435126
513264
153246
234516
436251
164523
436125
463251
642135
425361
564231
132564
542163
254613
613542
124635
514623
345162
215436
153426
642153
642315
254163
564213
364215
645132
243156
613245
352461
134256
123456
341625
354612
245316
164532
456321
563142
615423
325614
631425
342651
423165
246531
324561
521346
421356
143526
541236
561342
536124
632514
163425
416532
126435
126543
546213
615324
415632
324156
415263
623415
346251
345261
456213
421365
526143
513624
632154
541632
461352
423615
651342
361452
346512
351246
643152
643512
152436
532641
426153
356214
531462
264351
326541
634125
512463
452361
465213
635421
564132
416325
423156
531264
526134
614523
356124
263451
325416
615243
314265
462315
654213
231456
652134
561243
523461
236451
315426
625314
264513
641352
412356
654123
456123
542631
124653
125463
532416
642531
325461
152364
125634
253416
521364
452163
621534
325146
524163
351426
256314
635412
524613
265341
263154
234165
326145
243165
145362
243615
514236
451623
341265
142536
132546
534612
135624
364251
231645
165423
251643
235614
614325
231465
231546
214536
346152
563421
452316
251634
651234
254136
631452
452631
615432
324651
534126
624153
243561
235164
125436
146325
321645
345621
265134
213645
412563
413256
621453
125346
216345
314256
235641
324615
162345
362451
643521
652431
136245
526314
521634
432165
561423
162435
315642
526431
654312
342615
265431
456231
136524
365124
621543
315264
256143
251346
412635
165234
532461
216543
421653
523614
256431
416523
215634
354216
261354
423516
521436
531426
436152
214563
215463
612345
431562
156324
321465
261534
651423
213546
521643
325641
614235
263145
461523
642513
462135
261453
163524
316452
234615
135642
142563
163254
563214
236541
516234
432615
634512
463125
241536
453612
562134
512346
436215
216435
152643
541263
154362
132456
316524
352146
531246
214365
521463
132654
643251
265314
246513
251436
314526
254631
342516
241365
562314
541362
164253
546132
321456
563241
321654
425136
632451
463512
543126
425631
453621
253164
236154
342156
345126
146523
456132
215643
562143
453261
634251
514362
162453
126345
253461
215346
364125
261543
436521
263541
315624
435261
123465
421536
654321
465321
264315
436512
234156
653421
523416
316254
425613
653241
631245
426315
641523
162534
654231
165432
154326
514263
352416
163542
124356
354162
245361
643125
465123
523164
536142
635214
541326
314625
146235
136542
123564
156243
562431
135246
123645
634152
156432
415236
465231
312546
265143
213465
351462
526413
234651
631254
215364
413265
513462
562413
625431
154236
614253
145326
623514
612534
235461
652341
635124
512643
641235
253614
631524
425316
134526
641325
256134
621354
635241
132645
453162
541623
516243
351642
346521
423651
263415
243516
264531
532164
542316
421563
532614
413526
462153
123546
164235
142365
314652
245631
341256
214653
256341
145263
362415
536421
251463
452136
516342
536241
614352
513426
356421
531642
561324
361254
451236
546231
216453
624351
562341
342561
261345
365241
145623
251364
623154
352614
543162
162354
316425
351624
231564
365214
413562
216354
312654
156423
613452
435216
534621
462351
516423
451263
652413
356241
165324
254361
564321
561432
316245
612453
451632
352641
653412
641253
615342
561234
216534
624135
415326
153642
451362
651432
435612
652143
243651
542136
125364
461235
143625
613524
625341
143265
356142
546123
426351
462531
625134
165342
612354
462513
124563
346125
543612
124536
146532
235146
426531
253146
361425
234561
432516
142356
241356
134652
213654
543621
265413
542361
245163
632541
134562
143562
246315
564312
642351
365412
645231
146253
142635
624513
235416
625413
615234
326154
364512
135426
513642
524316
546321
415623
246351
364152
261435
463521
154632
321546
645312
361542
341652
613254
523641
534216
156234
246135
632415
134265
152346
126453
152634
365142
256413
145236
124365
163245
214635
435162
623541
452613
146352
461253
463152
326451
413625
514632
415362
361524
635142
432561
546312
461532
416235
361245
431625
132465
136254
236514
431256
264135
563124
213456
362514
246153
516432
165243
532146
645123
456312
523146
362154
614532
164352
412653
245613
624315
524136
516324
364521
526341
524631
645321
453216
621345
421635
613425
426135
451326
416253
534261
465132
315462
543261
653142
651324
564123
412536
412365
241635
123654
324165
326415
143256
362541
154623
314562
431652
463215
651243
315246
431265
435621
426513
432156
514326
632145
312564
312456
214356
621435
241563
536412
623451
624531
153264
156342
354126
512436
153462
316542
531624
643215
432651
236415
264153
612435
543216
236145
461325
356412
465312
512634
354261
362145
654132
153624
341526
341562
142653
345216
154263
325164
354621
263514
631542
431526
126534
136425
312645
342165
143652
634215
423561
241653
245136
453126
163452
641532
513246
134625
213564
162543
321564
135462
126354
164325
634521
231654
524361
